              total   wc   cc   so  bo   hb
A:203 (seed)   1600  579  644  261   5  111
A:115:LEU_SC    242   75   85   81   1    0
C:57:PHE_SC     237  103  119   15   0    0
A:90:ARG_SC     202   60   98   22   0   22
A:7:ARG_SC      164   26   59   26   0   53
C:59:ALA_SC     149   70   49   30   0    0
C:74:THR_SC     146   20   48   74   4    0
A:210:HOH        97   65   32    0   0    0
C:63:ARG_SC      95   33   56    6   0    0
A:108:TYR_SC     79   33   10    0   0   36
C:73:MC          54   13   34    7   0    0
C:74:MC          53   27   26    0   0    0
C:59:MC          42   28   14    0   0    0
C:60:LYS_SC      40   26   14    0   0    0